27 74 0|46 24 32
80 59 35|94 29 58
82 59 31|98 26 81
17 64 9|46 78 63
38 41 35|33 26 32
61 21 31|51 37 43
20 62 35|53 37 87
20 88 0|88 78 56
55 98 0|83 11 97
27 70 35|87 26 87
27 54 35|86 26 87
82 73 31|53 37 71
55 75 22|92 26 87
82 51 31|99 24 30
17 87 9|32 11 51
38 74 31|36 34 77
80 46 35|53 67 75
52 96 9|89 78 70
14 62 31|70 37 92
61 73 0|56 25 73
55 74 31|69 37 88
27 45 9|72 37 58
85 74 9|91 29 33
13 30 31|15 29 46
82 81 22|71 37 99
85 81 9|90 29 93
38 36 22|84 11 51
27 58 9|83 11 72
20 41 31|33 37 51
61 64 9|96 34 33
52 60 31|43 26 62
85 58 35|83 26 87
80 93 9|73 34 75
55 99 9|21 29 41
66 54 22|94 78 53
17 87 0|41 29 81
55 64 9|86 67 98
17 32 22|75 67 95
55 30 31|45 67 83
14 36 9|72 29 60
82 87 0|91 25 88
14 53 35|83 78 46
14 40 31|70 67 96
82 70 9|64 26 79
50 71 31|54 29 89
82 91 31|93 11 71
47 97 0|95 34 99
17 68 35|98 25 46
27 64 22|62 34 88
85 70 22|92 11 53
55 90 9|90 34 33
47 95 35|54 26 62
61 77 0|32 29 43
61 79 31|94 78 46
85 64 22|90 25 79
14 46 22|62 67 56
38 68 9|45 24 86
66 86 9|79 26 60
44 87 31|56 34 77
85 99 0|62 37 30
47 84 35|4 67 89
47 51 31|32 67 60
80 70 0|45 29 98
61 86 22|94 34 76
38 97 31|62 25 98
61 86 35|73 78 64
38 36 0|21 29 83
80 81 22|21 24 83
38 30 22|96 26 63
38 21 31|92 25 4
44 76 9|59 24 88
38 40 31|83 29 86
52 75 31|83 11 89
38 68 9|63 26 46
20 63 22|84 78 87
55 59 22|46 34 98
38 97 22|59 67 65
44 71 0|89 34 40
66 90 0|92 78 71
55 58 31|69 37 76
85 86 9|79 67 84
85 43 9|87 25 91
47 95 31|73 26 74
38 81 9|51 24 69
27 74 0|94 11 15
80 95 35|64 11 79
61 51 22|46 24 83
38 99 0|92 37 46
20 51 9|15 34 69
13 93 31|4 78 60
85 15 9|91 24 81
47 70 9|75 29 90
55 54 35|45 24 72
85 96 35|91 37 84
38 76 31|40 11 99
20 69 31|65 67 93
85 41 35|91 78 46
52 70 0|72 78 43
52 79 22|36 26 60
27 30 9|81 34 43
